  Engine |  Team | Type | Start |   End |   Due |   Penalty
-----------------------------------------------------------
      68 |     3 |    A |     1 |     4 |    10 |         0
      20 |     4 |    B |    23 |    26 |    31 |         0
     100 |     4 |    B |    14 |    20 |    22 |         0
      38 |     2 |    B |    19 |    24 |    39 |         0
      14 |     3 |    A |    25 |    29 |   125 |         0
      76 |     1 |    A |     5 |     8 |     8 |         0
      91 |     2 |    B |    12 |    18 |    18 |         0
      49 |     1 |    A |    17 |    19 |    19 |         0
      24 |     2 |    B |     8 |     9 |    17 |         0
      42 |     1 |    A |    20 |    22 |    22 |         0
      40 |     1 |    A |    26 |    28 |    28 |         0
      13 |     2 |    B |    25 |    28 |    99 |         0
      36 |     3 |    A |    22 |    24 |    23 |         2
      28 |     3 |    A |    11 |    13 |   122 |         0
      82 |     3 |    A |    17 |    21 |    20 |         6
      66 |     1 |    A |     1 |     4 |    15 |         0
      46 |     3 |    A |    14 |    16 |    47 |         0
      35 |     3 |    A |     8 |    10 |    11 |         0
      32 |     1 |    A |    23 |    25 |    44 |         0
      21 |     4 |    B |    21 |    22 |    86 |         0
      31 |     1 |    A |    10 |    12 |    20 |         0
      22 |     2 |    B |    10 |    11 |   116 |         0
      81 |     2 |    B |     1 |     7 |     7 |         0
      34 |     3 |    A |     5 |     7 |     7 |         0
      56 |     1 |    A |    13 |    16 |    16 |         0
      92 |     4 |    B |     1 |     7 |     7 |         0

Unscheduled engines with RUL < T (incurring full penalty):
-----------------------------------------------------------
Total penalty cost: 8
