  Engine |  Team | Type | Start |   End |   Due |   Penalty
-----------------------------------------------------------
      37 |     3 |    A |    18 |    20 |    21 |         0
      42 |     1 |    A |     8 |    10 |    13 |         0
      68 |     2 |    B |     8 |    14 |    13 |         5
      24 |     4 |    B |    25 |    26 |    26 |         0
      48 |     3 |    A |    27 |    29 |   151 |         0
      36 |     3 |    A |    24 |    26 |    24 |        10
      13 |     4 |    B |    27 |    30 |    87 |         0
      20 |     4 |    B |     7 |    10 |    10 |         0
      31 |     3 |    A |     6 |     8 |    14 |         0
      64 |     4 |    B |    18 |    24 |    24 |         0
      76 |     1 |    A |     1 |     4 |     3 |         6
      18 |     4 |    B |    12 |    15 |    33 |         0
      23 |     2 |    B |    29 |    30 |   119 |         0
      77 |     2 |    B |    22 |    27 |    27 |         0
      56 |     3 |    A |    14 |    17 |    18 |         0
      81 |     3 |    A |     1 |     5 |     6 |         0
      35 |     4 |    B |     1 |     6 |     8 |         0
      28 |     1 |    A |    25 |    27 |    96 |         0
      41 |     3 |    A |    21 |    23 |    23 |         0
      82 |     2 |    B |     1 |     7 |    11 |         0
      92 |     2 |    B |    15 |    21 |    24 |         0
      66 |     1 |    A |    15 |    18 |    18 |         0
     100 |     3 |    A |     9 |    13 |    24 |         0
      61 |     1 |    A |    19 |    22 |    23 |         0
      34 |     1 |    A |     5 |     7 |     8 |         0
      49 |     1 |    A |    12 |    14 |    14 |         0

Unscheduled engines with RUL < T (incurring full penalty):
  Engine 40: due=29, penalty=2
  Engine 90: due=28, penalty=30
  Engine 91: due=29, penalty=6
-----------------------------------------------------------
Total penalty cost: 59
